#  GPSTIME                             X                       Y                     Z                       VX                   VY                      VZ         
   2458736.5  0.00000000000  -1.41912983950000e+07   4.33387832200000e+06   2.18118239680000e+07  -5.32781897186770e+02  -2.76472440922240e+03   2.31537398170800e+02
   2458736.5  0.01041666667  -1.47384828302642e+07   1.85682913897793e+06   2.18282534940172e+07  -6.81212655850290e+02  -2.73047133138625e+03  -1.94895221266339e+02
   2458736.5  0.02083333333  -1.54125794803290e+07  -5.64550414685931e+05   2.14623885398186e+07  -8.13325898558650e+02  -2.64154998077813e+03  -6.16746642227896e+02
   2458736.5  0.03125000000  -1.61950123897836e+07  -2.88278711168617e+06   2.07217205734276e+07  -9.20615369192902e+02  -2.50210721942931e+03  -1.02657125490141e+03
   2458736.5  0.04166666667  -1.70599746468974e+07  -5.05493587237459e+06   1.96203144204186e+07  -9.95573033436460e+02  -2.31802188988297e+03  -1.41722958109856e+03
   2458736.5  0.05208333333  -1.79754664778055e+07  -7.04402968652646e+06   1.81784743155214e+07  -1.03199082756102e+03  -2.09665282618044e+03  -1.78201583040400e+03
   2458736.5  0.06250000000  -1.89045798687870e+07  -8.82027758005541e+06   1.64223016490439e+07  -1.02520509793104e+03  -1.84653332966772e+03  -2.11477072717206e+03
   2458736.5  0.07291666667  -1.98069741812676e+07  -1.03619688055699e+07   1.43831583643247e+07  -9.72275462546784e+02  -1.57702607702391e+03  -2.40997809246978e+03
   2458736.5  0.08333333333  -2.06404811662849e+07  -1.16560541435502e+07   1.20970511325102e+07  -8.72092922336485e+02  -1.29795340466921e+03  -2.66284432693621e+03
   2458736.5  0.09375000000  -2.13627745754073e+07  -1.26983891398927e+07   9.60395169895200e+06  -7.25415183337922e+02  -1.01921810455533e+03  -2.86936066595456e+03
   2458736.5  0.10416666667  -2.19330390226925e+07  -1.34936372862668e+07   6.94706890556257e+06  -5.34830084841927e+02  -7.50429488963894e+02  -3.02634857438938e+03
   2458736.5  0.11458333333  -2.23135748447124e+07  -1.40548442845039e+07   4.17208704838889e+06  -3.04650710840689e+02  -5.00548462434739e+02  -3.13148914866313e+03
   2458736.5  0.12500000000  -2.24712799351045e+07  -1.44027060917788e+07   1.32638464986629e+06  -4.07480755819620e+01  -2.77563985685488e+02  -3.18333765965142e+03
   2458736.5  0.13541666667  -2.23789557784285e+07  -1.45645639845009e+07  -1.54175378769912e+06   2.49670821086657e+02  -8.82115302681845e+01  -3.18132461269346e+03
   2458736.5  0.14583333333  -2.20163925836039e+07  -1.45731684543813e+07  -4.38392133454898e+06   5.58330269994075e+02   6.22577626640344e+01  -3.12574474553431e+03
   2458736.5  0.15625000000  -2.13711973213956e+07  -1.44652607205261e+07  -7.15235751606217e+06   8.76188110955417e+02   1.70250622891388e+02  -3.01773540021233e+03
   2458736.5  0.16666666667  -2.04393381245429e+07  -1.42800256345781e+07  -9.80069332425622e+06   1.19376191282546e+03   2.33943336318396e+02  -2.85924558434004e+03
   2458736.5  0.17708333333  -1.92253885969238e+07  -1.40574728745936e+07  -1.22846647645058e+07   1.50146772694449e+03   2.53329140262170e+02  -2.65299689003552e+03
   2458736.5  0.18750000000  -1.77424658929458e+07  -1.38368046947656e+07  -1.45627878089122e+07   1.78996001621068e+03   2.30200847323924e+02  -2.40243722972598e+03
   2458736.5  0.19791666667  -1.60118664670666e+07  -1.36548279489411e+07  -1.65969888831460e+07   2.05046167711660e+03   1.68070150122731e+02  -2.11168811597584e+03
   2458736.5  0.20833333333  -1.40624133174988e+07  -1.35444661391272e+07  -1.83531850810165e+07   2.27507353211701e+03   7.20268053176241e+01  -1.78548599355768e+03
   2458736.5  0.21875000000  -1.19295375919921e+07  -1.35334234402194e+07  -1.98018091211440e+07   2.45705343938082e+03  -5.14574340274672e+01  -1.42911789106696e+03
   2458736.5  0.22916666667  -9.65412614883858e+06  -1.36430477598521e+07  -2.09182737770994e+07   2.59105602560692e+03  -1.94773764434767e+02  -1.04835150168522e+03
   2458736.5  0.23958333333  -7.28117399023054e+06  -1.38874333358027e+07  -2.16833709449010e+07   2.67332517909086e+03  -3.49462394977123e+02  -6.49359621826429e+02
   2458736.5  0.25000000000  -4.85828734547034e+06  -1.42727960028060e+07  -2.20836000445340e+07   2.70183265116407e+03  -5.06530718030759e+02  -2.38638840624293e+02
   2458736.5  0.26041666667  -2.43408816959525e+06  -1.47971454731936e+07  -2.21114206605928e+07   2.67635757704252e+03  -6.56793498623695e+02   1.77077688229485e+02
   2458736.5  0.27083333333  -5.65751854713179e+04  -1.54502696286509e+07  -2.17654239396644e+07   2.59850329484650e+03  -7.91224057092678e+02   5.90913427932604e+02
   2458736.5  0.28125000000   2.22850134831109e+06  -1.62140354216385e+07  -2.10504175035293e+07   2.47164963803927e+03  -9.01304734097539e+02   9.95947528063016e+02
   2458736.5  0.29166666667   4.37919274921349e+06  -1.70630003332435e+07  -1.99774186576192e+07   2.30084080733689e+03  -9.79364441303006e+02   1.38531939355092e+03
   2458736.5  0.30208333333   6.35877597314952e+06  -1.79653171773588e+07  -1.85635512569092e+07   2.09261103003606e+03  -1.01889098359210e+03   1.75233809054161e+03
   2458736.5  0.31250000000   8.13699424569276e+06  -1.88839040872791e+07  -1.68318423511219e+07   1.85475243996035e+03  -1.01480602835147e+03   2.09059543447659e+03
   2458736.5  0.32291666667   9.69106531211099e+06  -1.97778408379923e+07  -1.48109159382581e+07   1.59603187819649e+03  -9.63691285750172e+02   2.39408120062469e+03
   2458736.5  0.33333333333   1.10064150190140e+07  -2.06039428482423e+07  -1.25345828927874e+07   1.32586561011747e+03  -8.63955581776669e+02   2.65729832108860e+03
   2458736.5  0.34375000000   1.20771033779046e+07  -2.13184556512105e+07  -1.00413281133067e+07   1.05396306662737e+03  -7.15934209110622e+02   2.87537550650540e+03
   2458736.5  0.35416666667   1.29059208147645e+07  -2.18788057929726e+07  -7.37369867260204e+06   7.89952661464611e+02  -5.21914139549125e+02   3.04417422357262e+03
   2458736.5  0.36458333333   1.35041450468123e+07  -2.22453395832492e+07  -4.57759939284707e+06   5.43004193992048e+02  -2.86081428591442e+02   3.16038668371219e+03
   2458736.5  0.37500000000   1.38909623420047e+07  -2.23829791672734e+07  -1.70150571055883e+06   3.21463372724058e+02  -1.43903088225762e+01   3.22162125477761e+03
   2458736.5  0.38541666667   1.40925712585547e+07  -2.22627265354946e+07   1.20439344185911e+06   1.32514229407758e+02   2.85643047237897e+02   3.22647176487657e+03
   2458736.5  0.39583333333   1.41410008798503e+07  -2.18629503581695e+07   4.08910650056902e+06  -1.81152334644727e+01   6.05215480186670e+02   3.17456735422900e+03
   2458736.5  0.40625000000   1.40726888939238e+07  -2.11703981180598e+07   6.90178527640732e+06  -1.26390213970077e+02   9.34570371677473e+02   3.06660003239087e+03
   2458736.5  0.41666666667   1.39268764939729e+07  -2.01808866278773e+07   9.59268476054828e+06  -1.90137272487517e+02   1.26337635332685e+03   2.90432776399656e+03
   2458736.5  0.42708333333   1.37438864022111e+07  -1.88996372903551e+07   1.21141143058432e+07  -2.09134666023716e+02   1.58113517330157e+03   2.69055181072011e+03
   2458736.5  0.43750000000   1.35633567714482e+07  -1.73412378624079e+07   1.44213565700102e+07  -1.85119574924109e+02   1.87760077457581e+03   2.42906807569704e+03
   2458736.5  0.44791666667   1.34225065567185e+07  -1.55292290193279e+07   1.64735313676878e+07  -1.21711000889166e+02   2.14319075529198e+03   2.12459329156276e+03
   2458736.5  0.45833333333   1.33545073296763e+07  -1.34953311429775e+07   1.82343823386328e+07  -2.42512676862687e+01   2.36937145596585e+03   1.78266798899581e+03
   2458736.5  0.46875000000   1.33870318257573e+07  -1.12783429766410e+07   1.96729670103090e+07   1.00426834160631e+02   2.54899916305757e+03   1.40953915514746e+03
   2458736.5  0.47916666667   1.35410416781981e+07  -8.92275888129563e+06   2.07642333934054e+07   2.44296532749543e+02   2.67660206002206e+03   1.01202634842059e+03
   2458736.5  0.48958333333   1.38298654858644e+07  -6.47716365429354e+06   2.14894703416397e+07   3.98483378714105e+02   2.74859064653474e+03   5.97375604565127e+02
   2458736.5  0.50000000000   1.42586050612774e+07  -3.99247364353554e+06   2.18366226149807e+07   5.53645293582874e+02   2.76338797348531e+03   1.73105865108201e+02
   2458736.5  0.51041666667   1.48238923626108e+07  -1.52009850271715e+06   2.18004662247742e+07   7.00368973020537e+02   2.72147512824614e+03  -2.53147310739057e+02
   2458736.5  0.52083333333   1.55140039263410e+07   8.89899426390768e+05   2.13826435938127e+07   8.29564892784459e+02   2.62535152201983e+03  -6.73786101729954e+02
   2458736.5  0.53125000000   1.63093236714322e+07   3.19057295612325e+06   2.05915623002971e+07   9.32843791455218e+02   2.47941354685295e+03  -1.08139865728736e+03
   2458736.5  0.54166666667   1.71831302738733e+07   5.33971440339376e+06   1.94421645481066e+07   1.00285892687446e+03   2.28975876031386e+03  -1.46889751764162e+03
   2458736.5  0.55208333333   1.81026719816312e+07   7.30127403137288e+06   1.79555776117996e+07   1.03360058801469e+03   2.06392579899592e+03  -1.82964529351048e+03
   2458736.5  0.56250000000   1.90304808332070e+07   9.04652002294007e+06   1.61586577800615e+07   1.02063198230197e+03   1.81058257978040e+03  -2.15756535704463e+03
   2458736.5  0.57291666667   1.99258697238707e+07   1.05548999287481e+07   1.40834419583894e+07   9.61258650470551e+02   1.53917693278223e+03  -2.44723613134281e+03
   2458736.5  0.58333333333   2.07465501387115e+07   1.18145763024145e+07   1.17665221411076e+07   8.54626663442890e+02   1.25956468460831e+03  -2.69396821570260e+03
   2458736.5  0.59375000000   2.14503054971891e+07   1.28226232269080e+07   9.24835818006169e+06   7.01747982658760e+02   9.81630307120137e+02  -2.89386430206399e+03
   2458736.5  0.60416666667   2.19966549149781e+07   1.35848835353238e+07   6.57254429599381e+06   5.05454261136203e+02   7.14914790305365e+02  -3.04386231464313e+03
   2458736.5  0.61458333333   2.23484445746786e+07   1.41154995663165e+07   3.78504389966303e+06   2.70283007727012e+02   4.68264307728661e+02  -3.14176269496981e+03
   2458736.5  0.62500000000   2.24733084386677e+07   1.44361416545389e+07   9.33406655625414e+05   2.30229014370309e+00   2.49511842788531e+02  -3.18624099861760e+03
   2458736.5  0.63541666667   2.23449464972482e+07   1.45749688979554e+07  -1.93401980632760e+06  -2.91117993714320e+02   6.52021154883711e+01  -3.17684720318933e+03
   2458736.5  0.64583333333   2.19441766180040e+07   1.45653650687494e+07  -4.76887199754119e+06  -6.01578808642720e+02  -7.96317514019162e+01  -3.11399315131592e+03
   2458736.5  0.65625000000   2.12597250845828e+07   1.44444992519199e+07  -7.52353669684552e+06  -9.19958171669225e+02  -1.81633522412714e+02  -2.99892956100964e+03
   2458736.5  0.66666666667   2.02887306535846e+07   1.42517655335423e+07  -1.01518920574431e+07  -1.23673971674845e+03  -2.39226824677656e+02  -2.83371389856873e+03
   2458736.5  0.67708333333   1.90369470790448e+07   1.40271589108419e+07  -1.26100162531818e+07  -1.54235226791953e+03  -2.52653658443713e+02  -2.62117025979423e+03
   2458736.5  0.68750000000   1.75186393650904e+07   1.38096457415721e+07  -1.48568566477714e+07  -1.82750904769019e+03  -2.23948223705139e+02  -2.36484218522764e+03
   2458736.5  0.69791666667   1.57561790108841e+07   1.36355862396387e+07  -1.68548537163788e+07  -2.08353549577972e+03  -1.56847770162321e+02  -2.06893910581845e+03
   2458736.5  0.70833333333   1.37793533672660e+07   1.35372643757356e+07  -1.85705139625636e+07  -2.30267516324615e+03  -5.66438975680811e+01  -1.73827689184639e+03
   2458736.5  0.71875000000   1.16244131800445e+07   1.35415764970660e+07  -1.99749268928585e+07  -2.47836394350775e+03   7.00206062365141e+01  -1.37821274455554e+03
   2458736.5  0.72916666667   9.33289100544416e+06   1.36689249531899e+07  -2.10442207724272e+07  -2.60546378213222e+03   2.15402823323174e+02  -9.94574514053976e+02
   2458736.5  0.73958333333   6.95023037307632e+06   1.39323562342415e+07  -2.17599523338185e+07  -2.68044816413041e+03   3.70950717812955e+02  -5.93584357737822e+02
   2458736.5  0.75000000000   4.52427228070278e+06   1.43369756666049e+07  -2.21094250968183e+07  -2.70153290798955e+03   5.27624936728069e+02  -1.81776625227105e+02
   2458736.5  0.76041666667   2.10365041204074e+06   1.48796617263077e+07  -2.20859312046892e+07  -2.66874728623779e+03   6.76241172491523e+02   2.34090191822223e+02
   2458736.5  0.77083333333  -2.63849356721174e+05   1.55490936386469e+07  -2.16889112653609e+07  -2.58394208069972e+03   8.07821951768100e+02   6.47127462652128e+02
   2458736.5  0.78125000000  -2.53290777368222e+06   1.63260953797385e+07  -2.09240269910343e+07  -2.45073300586706e+03   9.13946060605961e+02   1.05041627650953e+03
   2458736.5  0.79166666667  -4.66221097649844e+06   1.71842885575403e+07  -1.98031414423104e+07  -2.27437988390555e+03   9.87083367972245e+02   1.43711272593690e+03
   2458736.5  0.80208333333  -6.61585257600541e+06   1.80910354105563e+07  -1.83442023504094e+07  -2.06160407938815e+03   1.02090274174842e+03   1.80055789828206e+03
   2458736.5  0.81250000000  -8.36454522912660e+06   1.90086423032324e+07  -1.65710247634782e+07  -1.82034893707197e+03   1.01054099328263e+03   2.13439135733324e+03
   2458736.5  0.82291666667  -9.88659360921029e+06   1.98957834386503e+07  -1.45129705673448e+07  -1.55949023784940e+03   9.52821543999286e+02   2.43266648870757e+03
   2458736.5  0.83333333333  -1.11685876001089e+07   2.07090949012939e+07  -1.22045241941637e+07  -1.28850597240956e+03   8.46412690512956e+02   2.68996550260532e+03
   2458736.5  0.84375000000  -1.22057842650931e+07   2.14048807485979e+07  -9.68476590464957e+06  -1.01711681802800e+03   6.91917128808964e+02   2.90151146976685e+03
   2458736.5  0.85416666667  -1.30021579039130e+07   2.19408663623569e+07  -6.99674679085293e+06  -7.54910604228342e+02   4.91886662603883e+02   3.06327426637457e+03
   2458736.5  0.86458333333  -1.35701104509092e+07   2.22779300397824e+07  -4.18677235328530e+06  -5.10965442730779e+02   2.50758841031216e+02   3.17206705010332e+03
   2458736.5  0.87500000000  -1.39298478779979e+07   2.23817422734840e+07  -1.30360494702228e+06  -2.93487142078767e+02  -2.52845190457769e+01   3.22562966524446e+03
   2458736.5  0.88541666667  -1.41084426514032e+07   2.22242437248838e+07   1.60240173067261e+06  -1.09476655137908e+02  -3.28533449076511e+02   3.22269546648271e+03
   2458736.5  0.89583333333  -1.41386161337028e+07   2.17848976309692e+07   4.48021947205017e+06   3.55572263107322e+01  -6.50033476188871e+02   3.16303826432933e+03
   2458736.5  0.90625000000  -1.40572879870171e+07   2.10516603938966e+07   7.27909475464221e+06   1.37826235162223e+02  -9.79926191387116e+02   3.04749663483437e+03
   2458736.5  0.91666666667  -1.39039509896744e+07   2.00216251172647e+07   9.94950869964629e+06   1.95420579644930e+02  -1.30783294364798e+03   2.87797352550121e+03
   2458736.5  0.92708333333  -1.37189386221598e+07   1.87013064442542e+07   1.24441252223453e+07   2.08388125681636e+02  -1.62326532651811e+03   2.65741002284884e+03
   2458736.5  0.93750000000  -1.35416588028720e+07   1.71065506792499e+07   1.47187037362831e+07   1.78730056661992e+02  -1.91604432676182e+03   2.38973317363735e+03
   2458736.5  0.94791666667  -1.34088694672275e+07   1.52620718178519e+07   1.67329536806748e+07   1.10312363442339e+02  -2.17670925932898e+03   2.07977885528046e+03
   2458736.5  0.95833333333  -1.33530705824669e+07   1.32006312072135e+07   1.84513090185540e+07   8.69666346920750e+00  -2.39689783598204e+03   1.73319177266673e+03
   2458736.5  0.96875000000  -1.34010819649331e+07   1.09618946262695e+07   1.98436036649846e+07  -1.19102071033811e+02  -2.56968010238823e+03   1.35630561699177e+03
   2458736.5  0.97916666667  -1.35728680281503e+07   8.59101538287380e+06   2.08856314401268e+07  -2.64919690712854e+02  -2.68983124510127e+03   9.56007246724228e+02
   2458736.5  0.98958333333  -1.38806588560156e+07   6.13700387458869e+06   2.15595783342299e+07  -4.19794777808454e+02  -2.75403146106338e+03   5.39589289892217e+02
   2458737.5  1.00000000000  -1.43284034840460e+07   3.65095337304425e+06   2.18543185878572e+07  -5.74351976263476e+02  -2.76098477282319e+03   1.14595923007739e+02
